slen ntax exp_t set_name sim_t min_t max_t
0 50  3 set1_1  3  0  1
0 50  3 set1_10  3  3  7
0 50  3 set1_2  2  2  5
0 50  3 set1_3  3  1  4
0 50  3 set1_4  4  0  3
0 50  3 set1_5  2  5  9
0 50  3 set1_6  2  2  4
0 50  3 set1_7  2  0  4
0 50  3 set1_8  2 16 40
0 50  3 set1_9  2  3  6
0 50 10 set1_1  6  3 27
0 50 10 set1_10  8  4 31
0 50 10 set1_2  9 14 35
0 50 10 set1_3  9  8 33
0 50 10 set1_4 10 16 33
0 50 10 set1_5 10 15 29
0 50 10 set1_6  4  3  7
0 50 10 set1_7  8  9 32
0 50 10 set1_8 12 18 26
0 50 10 set1_9  9 11 39
0 50 30 set1_1 11 17 38
0 50 30 set1_10 10 27 38
0 50 30 set1_2 27  4 19
0 50 30 set1_3 14 10 31
0 50 30 set1_4 15  1 32
0 50 30 set1_5 12 14 36
0 50 30 set1_6 10 10 39
0 50 30 set1_7  9 19 42
0 50 30 set1_8 20  8 26
0 50 30 set1_9 13  7 32
0 100  3 set2_1  3  3  5
0 100  3 set2_10  2  2  2
0 100  3 set2_2  4  1  5
0 100  3 set2_3  4  9 16
0 100  3 set2_4  2  0  0
0 100  3 set2_5  3  1  1
0 100  3 set2_6  4  0  0
0 100  3 set2_7  3  0  4
0 100  3 set2_8  3  0  0
0 100  3 set2_9  2  8 12
0 100 10 set2_1  7  1  5
0 100 10 set2_10 12  2  9
0 100 10 set2_2  6  1  5
0 100 10 set2_3  7 10 16
0 100 10 set2_4  5  6 15
0 100 10 set2_5  6  1  4
0 100 10 set2_6  8 12 22
0 100 10 set2_7  9  3 12
0 100 10 set2_8  5  1  4
0 100 10 set2_9  9  4 11
0 100 30 set2_1 21 25 72
0 100 30 set2_10 19 30 70
0 100 30 set2_2 21 46 78
0 100 30 set2_3 20 28 72
0 100 30 set2_4 19 47 80
0 100 30 set2_5 19 46 78
0 100 30 set2_6 14 52 73
0 100 30 set2_7 17 38 70
0 100 30 set2_8 21 20 73
0 100 30 set2_9 23 30 72
0 500  3 set3_1  1  8   8
0 500  3 set3_10  3  3   6
0 500  3 set3_2  4  1   5
0 500  3 set3_3  2 12  12
0 500  3 set3_4  2 11  13
0 500  3 set3_5  1  1   1
0 500  3 set3_6  3  2   2
0 500  3 set3_7  1  1   1
0 500  3 set3_8  2  2   2
0 500  3 set3_9  4  3   7
0 500 10 set3_1  9 11  15
0 500 10 set3_10  9  6   9
0 500 10 set3_2 11  1   1
0 500 10 set3_3  9  4   4
0 500 10 set3_4  9 10  12
0 500 10 set3_5 14  8  13
0 500 10 set3_6 14 16  23
0 500 10 set3_7  8 18  25
0 500 10 set3_8 17 15  20
0 500 10 set3_9  9  4   4
0 500 30 set3_1 31 43  60
0 500 30 set3_10 34 65  87
0 500 30 set3_2 29 26  37
0 500 30 set3_3 20 18  28
0 500 30 set3_4 27 15  25
0 500 30 set3_5 33 41  58
0 500 30 set3_6 28 99 118
0 500 30 set3_7 28 37  45
0 500 30 set3_8 30 28  49
0 500 30 set3_9 21 16  25
10 50  3 set4_1  2  0  0
10 50  3 set4_10  1  0  0
10 50  3 set4_2  2  0  0
10 50  3 set4_3  4  7 12
10 50  3 set4_4  3  5 12
10 50  3 set4_5  1  5  9
10 50  3 set4_6  2  0  0
10 50  3 set4_7  7  1  5
10 50  3 set4_8  3  0  0
10 50  3 set4_9  4 10 11
10 50 10 set4_1  8 16 37
10 50 10 set4_10  4 14 23
10 50 10 set4_2  6  1  5
10 50 10 set4_3  6  9 50
10 50 10 set4_4 10  6 31
10 50 10 set4_5 12  4 30
10 50 10 set4_6  8 14 41
10 50 10 set4_7  7 12 17
10 50 10 set4_8 10 13 41
10 50 10 set4_9  6 19 37
10 50 30 set4_1 11 15 29
10 50 30 set4_10 17 12 27
10 50 30 set4_2 15 10 25
10 50 30 set4_3 14 13 32
10 50 30 set4_4 12 19 39
10 50 30 set4_5 12 15 35
10 50 30 set4_6 13 10 22
10 50 30 set4_7 18  8 31
10 50 30 set4_8 11 11 31
10 50 30 set4_9 11 17 30
10 100  3 set5_1  3  7 12
10 100  3 set5_10  2  1  4
10 100  3 set5_2  3  0  0
10 100  3 set5_3  4  7 18
10 100  3 set5_4  4 21 24
10 100  3 set5_5  6 10 20
10 100  3 set5_6  3  2  6
10 100  3 set5_7  2  7 15
10 100  3 set5_8  2  0  0
10 100  3 set5_9  4  4 12
10 100 10 set5_1  7 18 74
10 100 10 set5_10  8  1  8
10 100 10 set5_2  6  4 11
10 100 10 set5_3 11 17 67
10 100 10 set5_4 10  6  9
10 100 10 set5_5  4 11 14
10 100 10 set5_6 11 23 35
10 100 10 set5_7 12  5 17
10 100 10 set5_8 10  8 15
10 100 10 set5_9  9  5 17
10 100 30 set5_1 14 16 76
10 100 30 set5_10 25 23 71
10 100 30 set5_2 15 14 24
10 100 30 set5_3 15 17 74
10 100 30 set5_4 21 14 30
10 100 30 set5_5 21 37 47
10 100 30 set5_6 16 31 74
10 100 30 set5_7 21 13 64
10 100 30 set5_8 20 23 61
10 100 30 set5_9 20 20 65
10 500  3 set6_1  3  0  0
10 500  3 set6_10  4 13 15
10 500  3 set6_2  2  2  2
10 500  3 set6_3  3  0  0
10 500  3 set6_4  1  0  0
10 500  3 set6_5  4  0  0
10 500  3 set6_6  5  1  5
10 500  3 set6_7  2  0  0
10 500  3 set6_8  3  0  0
10 500  3 set6_9  4  0  0
10 500 10 set6_1 15 19 28
10 500 10 set6_10 14 34 45
10 500 10 set6_2 10  8 11
10 500 10 set6_3 13  4  7
10 500 10 set6_4  8  4 12
10 500 10 set6_5 12 17 29
10 500 10 set6_6 11 20 25
10 500 10 set6_7  7 19 28
10 500 10 set6_8 17  6  9
10 500 10 set6_9  8  0  0
10 500 30 set6_1 28 14 31
10 500 30 set6_10 22 11 22
10 500 30 set6_2 24 14 23
10 500 30 set6_3 33 47 61
10 500 30 set6_4 36 41 54
10 500 30 set6_5 27 41 50
10 500 30 set6_6 17  5 12
10 500 30 set6_7 30 55 69
10 500 30 set6_8 29 26 37
10 500 30 set6_9 28 44 61
20 50  3 set7_1  3  5  8
20 50  3 set7_10  1  0  0
20 50  3 set7_2  4 10 12
20 50  3 set7_3  1  8 11
20 50  3 set7_4  3  0  0
20 50  3 set7_5  1 10 14
20 50  3 set7_6  6 11 37
20 50  3 set7_7  1  1  4
20 50  3 set7_8  4 16 22
20 50  3 set7_9  3 11 13
20 50 10 set7_1 10 12 19
20 50 10 set7_10  9 14 32
20 50 10 set7_2  5 22 30
20 50 10 set7_3  6  9 11
20 50 10 set7_4 10  7 15
20 50 10 set7_5  2 11 12
20 50 10 set7_6  7  9 11
20 50 10 set7_7  7  1  9
20 50 10 set7_8  8 10 18
20 50 10 set7_9  5  0  3
20 50 30 set7_1  9  3 11
20 50 30 set7_10 17 15 25
20 50 30 set7_2 12 19 26
20 50 30 set7_3 15 12 38
20 50 30 set7_4 16 10 30
20 50 30 set7_5 12 11 29
20 50 30 set7_6 19  8 18
20 50 30 set7_7 23 12 22
20 50 30 set7_8 15  8 31
20 50 30 set7_9 11  5 10
20 100  3 set8_1  3  3  7
20 100  3 set8_10  3  5  6
20 100  3 set8_2  4  3  7
20 100  3 set8_3  7 21 30
20 100  3 set8_4  1  4  4
20 100  3 set8_5  3  0  0
20 100  3 set8_6  1  0  0
20 100  3 set8_7  1  0  0
20 100  3 set8_8  4  2  5
20 100  3 set8_9  1  9 13
20 100 10 set8_1 11  1  6
20 100 10 set8_10  9 27 34
20 100 10 set8_2  8 37 45
20 100 10 set8_3  9 12 17
20 100 10 set8_4 18 17 27
20 100 10 set8_5  7  0  0
20 100 10 set8_6  9 23 28
20 100 10 set8_7  7 18 20
20 100 10 set8_8 14  9 15
20 100 10 set8_9  8  4  6
20 100 30 set8_1 27 40 69
20 100 30 set8_10 17 20 29
20 100 30 set8_2 23 30 40
20 100 30 set8_3 12 16 25
20 100 30 set8_4 24 30 52
20 100 30 set8_5 23 33 71
20 100 30 set8_6 23 27 37
20 100 30 set8_7 19 17 26
20 100 30 set8_8 15 14 21
20 100 30 set8_9 23 37 69
20 500  3 set9_1  4  6   6
20 500  3 set9_10  1  0   0
20 500  3 set9_2  4 32  33
20 500  3 set9_3  4 19  26
20 500  3 set9_4  1  1   1
20 500  3 set9_5  5  6   9
20 500  3 set9_6  5  4   4
20 500  3 set9_7  3  0   0
20 500  3 set9_8  5  5   5
20 500  3 set9_9  1  0   0
20 500 10 set9_1 13  6  14
20 500 10 set9_10 13 16  23
20 500 10 set9_2  9 17  19
20 500 10 set9_3 10 14  20
20 500 10 set9_4  8 18  22
20 500 10 set9_5 11 36  45
20 500 10 set9_6  8  1   1
20 500 10 set9_7 11  8  13
20 500 10 set9_8 10 15  30
20 500 10 set9_9 13 20  27
20 500 30 set9_1 25 17  25
20 500 30 set9_10 26 21  30
20 500 30 set9_2 39 79 102
20 500 30 set9_3 30 15  22
20 500 30 set9_4 27 50  63
20 500 30 set9_5 28 35  42
20 500 30 set9_6 26 44  51
20 500 30 set9_7 24 26  30
20 500 30 set9_8 27 43  50
20 500 30 set9_9 38 78  89
50 50  3 set10_1  2  4  4
50 50  3 set10_10  2  1  4
50 50  3 set10_2  2  0  0
50 50  3 set10_3  1  0  0
50 50  3 set10_4  2 12 15
50 50  3 set10_5  3  0  0
50 50  3 set10_6  2  5  7
50 50  3 set10_7  6 12 20
50 50  3 set10_8  3  0  0
50 50  3 set10_9  3 20 20
50 50 10 set10_1  9 14 20
50 50 10 set10_10 11 15 23
50 50 10 set10_2  8  8  8
50 50 10 set10_3  3  0  0
50 50 10 set10_4  6  6  7
50 50 10 set10_5  6  0  0
50 50 10 set10_6 12 19 32
50 50 10 set10_7 10 16 17
50 50 10 set10_8  9  9 11
50 50 10 set10_9  8 13 18
50 50 30 set10_1 13 12 17
50 50 30 set10_10 14  9 14
50 50 30 set10_2 15  9 30
50 50 30 set10_3 10  0  1
50 50 30 set10_4 13  7 13
50 50 30 set10_5 20  7 25
50 50 30 set10_6 13  6 20
50 50 30 set10_7 15  6 15
50 50 30 set10_8 11  8 36
50 50 30 set10_9 16 -2 26
50 100  3 set11_1  1  0  0
50 100  3 set11_10  3  0  0
50 100  3 set11_2  1  0  0
50 100  3 set11_3  2  0  0
50 100  3 set11_4  1  0  0
50 100  3 set11_5  2  0  0
50 100  3 set11_6  4  4  4
50 100  3 set11_7  5 15 19
50 100  3 set11_8  5 10 11
50 100  3 set11_9  5  2  2
50 100 10 set11_1  5 13 13
50 100 10 set11_10 10 18 22
50 100 10 set11_2  8 11 13
50 100 10 set11_3  5  8  8
50 100 10 set11_4 10  3  6
50 100 10 set11_5  8  0  3
50 100 10 set11_6  6  1  4
50 100 10 set11_7 12 21 25
50 100 10 set11_8  8 32 38
50 100 10 set11_9 10 11 15
50 100 30 set11_1 20 38 41
50 100 30 set11_10 29 23 32
50 100 30 set11_2 19 15 20
50 100 30 set11_3 25 26 31
50 100 30 set11_4 16 33 42
50 100 30 set11_5 19 36 46
50 100 30 set11_6 20 18 27
50 100 30 set11_7 17 19 28
50 100 30 set11_8 24 24 32
50 100 30 set11_9 25 36 43
50 500  3 set12_1  3  6 11
50 500  3 set12_10  5  1  1
50 500  3 set12_2  4  4  4
50 500  3 set12_3  4 10 10
50 500  3 set12_4  3  0  0
50 500  3 set12_5  1  5  5
50 500  3 set12_6  2  0  0
50 500  3 set12_7  4  0  0
50 500  3 set12_8  1  0  0
50 500  3 set12_9  3  7  7
50 500 10 set12_1 12 23 24
50 500 10 set12_10  9 10 13
50 500 10 set12_2 15 25 30
50 500 10 set12_3 14 29 35
50 500 10 set12_4  6  1  1
50 500 10 set12_5 10 28 32
50 500 10 set12_6  9 33 36
50 500 10 set12_7  7 27 35
50 500 10 set12_8 14 39 40
50 500 10 set12_9 14 20 27
50 500 30 set12_1 34 32 37
50 500 30 set12_10 28 23 33
50 500 30 set12_2 27 39 45
50 500 30 set12_3 31 59 64
50 500 30 set12_4 37 24 29
50 500 30 set12_5 29 82 89
50 500 30 set12_6 27 34 45
50 500 30 set12_7 33 47 53
50 500 30 set12_8 21 24 34
50 500 30 set12_9 24 52 63
100 50  3 set13_1  5  4  4
100 50  3 set13_10  1  4  4
100 50  3 set13_2  1  0  0
100 50  3 set13_3  2  0  0
100 50  3 set13_4  2  0  0
100 50  3 set13_5  3 12 12
100 50  3 set13_6  1  0  0
100 50  3 set13_7  1  0  0
100 50  3 set13_8  3 12 13
100 50  3 set13_9  3 18 18
100 50 10 set13_1  4  0  0
100 50 10 set13_10  7  7 10
100 50 10 set13_2  5 17 21
100 50 10 set13_3 13 11 17
100 50 10 set13_4 16 10 15
100 50 10 set13_5  3 10 10
100 50 10 set13_6  6  4  4
100 50 10 set13_7  9  9 16
100 50 10 set13_8  6 13 14
100 50 10 set13_9  9 14 18
100 50 30 set13_1 12  6 10
100 50 30 set13_10 14  9 21
100 50 30 set13_2 16  8 16
100 50 30 set13_3 14 18 24
100 50 30 set13_4  8 22 29
100 50 30 set13_5 14 11 19
100 50 30 set13_6 12 11 14
100 50 30 set13_7 12  7 10
100 50 30 set13_8 12 13 19
100 50 30 set13_9 14 12 16
100 100  3 set14_1  3  4  4
100 100  3 set14_10  5  0  1
100 100  3 set14_2  4  1  1
100 100  3 set14_3  1  0  0
100 100  3 set14_4  3 10 10
100 100  3 set14_5  2  0  0
100 100  3 set14_6  1  2  2
100 100  3 set14_7  2  1  1
100 100  3 set14_8  2 15 16
100 100  3 set14_9  2 13 17
100 100 10 set14_1 10 36 44
100 100 10 set14_10  9  6 11
100 100 10 set14_2 13 22 26
100 100 10 set14_3  5  6  6
100 100 10 set14_4  6  4  4
100 100 10 set14_5  9 12 17
100 100 10 set14_6  8 20 21
100 100 10 set14_7 10 25 27
100 100 10 set14_8 12 27 30
100 100 10 set14_9 11 26 28
100 100 30 set14_1 18 38 44
100 100 30 set14_10 15 32 35
100 100 30 set14_2 22 27 30
100 100 30 set14_3 19 12 18
100 100 30 set14_4 20 42 44
100 100 30 set14_5 25 18 24
100 100 30 set14_6 16 23 24
100 100 30 set14_7 20 33 39
100 100 30 set14_8 22 39 45
100 100 30 set14_9 17 32 39
100 500  3 set15_1  1  0  0
100 500  3 set15_10  1  0  0
100 500  3 set15_2  4  1  4
100 500  3 set15_3  1  1  4
100 500  3 set15_4  3  0  0
100 500  3 set15_5  1  0  0
100 500  3 set15_6  1  5  5
100 500  3 set15_7  3  4  4
100 500  3 set15_8  2 16 16
100 500  3 set15_9  1  0  0
100 500 10 set15_1  8 42 43
100 500 10 set15_10 21 42 46
100 500 10 set15_2  6  1  1
100 500 10 set15_3 12 19 19
100 500 10 set15_4 13 14 15
100 500 10 set15_5 12 56 57
100 500 10 set15_6  9 25 29
100 500 10 set15_7 12 17 19
100 500 10 set15_8  5 40 40
100 500 10 set15_9  8 19 22
100 500 30 set15_1 24 81 89
100 500 30 set15_10 31 39 39
100 500 30 set15_2 23 43 49
100 500 30 set15_3 26 39 43
100 500 30 set15_4 24 29 34
100 500 30 set15_5 24 31 36
100 500 30 set15_6 34 40 44
100 500 30 set15_7 34 43 45
100 500 30 set15_8 22 43 46
100 500 30 set15_9 27 32 40
1000 50  3 set16_1  4  0  0
1000 50  3 set16_10  1  0  0
1000 50  3 set16_2  1  0  0
1000 50  3 set16_3  1  4  4
1000 50  3 set16_4  6  0  0
1000 50  3 set16_5  3  6  6
1000 50  3 set16_6  3  4  4
1000 50  3 set16_7  1  0  0
1000 50  3 set16_8  2  0  0
1000 50  3 set16_9  2  0  0
1000 50 10 set16_1 11 13 16
1000 50 10 set16_10  4 10 10
1000 50 10 set16_2  8 16 17
1000 50 10 set16_3  6  4  4
1000 50 10 set16_4  6 10 10
1000 50 10 set16_5  9 12 15
1000 50 10 set16_6  4  4  4
1000 50 10 set16_7  8 10 10
1000 50 10 set16_8  4 10 10
1000 50 10 set16_9  9  8 11
1000 50 30 set16_1 12 15 18
1000 50 30 set16_10 11 22 22
1000 50 30 set16_2 15 13 14
1000 50 30 set16_3 10 12 12
1000 50 30 set16_4 18 14 15
1000 50 30 set16_5 13 18 20
1000 50 30 set16_6 11 16 19
1000 50 30 set16_7 26  9 13
1000 50 30 set16_8 14  9 13
1000 50 30 set16_9 13 10 12
1000 100  3 set17_1  4 22 22
1000 100  3 set17_10  4 22 22
1000 100  3 set17_2  3  8  8
1000 100  3 set17_3  2 10 10
1000 100  3 set17_4  3  0  0
1000 100  3 set17_5  3 34 35
1000 100  3 set17_6  1  0  0
1000 100  3 set17_7  3  4  4
1000 100  3 set17_8  2  0  0
1000 100  3 set17_9  1  0  0
1000 100 10 set17_1  9 30 30
1000 100 10 set17_10 10  4  5
1000 100 10 set17_2  7  6  6
1000 100 10 set17_3 12 10 11
1000 100 10 set17_4 10  5  8
1000 100 10 set17_5  8 12 12
1000 100 10 set17_6  8  8 11
1000 100 10 set17_7 10 23 24
1000 100 10 set17_8 14 21 22
1000 100 10 set17_9 10 20 20
1000 100 30 set17_1 21 18 20
1000 100 30 set17_10 17 31 32
1000 100 30 set17_2 21 18 19
1000 100 30 set17_3 17 30 32
1000 100 30 set17_4 25  8  8
1000 100 30 set17_5 24 31 37
1000 100 30 set17_6 22 17 22
1000 100 30 set17_7 19 32 33
1000 100 30 set17_8 20 31 33
1000 100 30 set17_9 25 36 37
1000 500  3 set18_1  1   0   0
1000 500  3 set18_10  6   8   8
1000 500  3 set18_2  2   4   4
1000 500  3 set18_3  2   7   7
1000 500  3 set18_4  3   7   8
1000 500  3 set18_5  1   0   0
1000 500  3 set18_6  3   8   9
1000 500  3 set18_7  2  11  11
1000 500  3 set18_8  1   0   0
1000 500  3 set18_9  3   5   6
1000 500 10 set18_1 12  50  50
1000 500 10 set18_10 14  41  47
1000 500 10 set18_2  5  37  37
1000 500 10 set18_3  9   1   1
1000 500 10 set18_4 14  18  19
1000 500 10 set18_5 15  28  31
1000 500 10 set18_6 13  50  53
1000 500 10 set18_7  9  11  11
1000 500 10 set18_8 11  69  76
1000 500 10 set18_9 17  32  33
1000 500 30 set18_1 18  84  84
1000 500 30 set18_10 28 130 136
1000 500 30 set18_2 24  57  60
1000 500 30 set18_3 28  92  95
1000 500 30 set18_4 31  34  38
1000 500 30 set18_5 27  76  78
1000 500 30 set18_6 39 132 138
1000 500 30 set18_7 18  65  67
1000 500 30 set18_8 15  49  50
1000 500 30 set18_9 33  77  85
