"sim_trans"	"est_trans"
1	1
5	5
7	6
16	16
15	10
1	1
5	5
11	9
12	11
27	12
2	2
7	7
10	6
18	15
19	12
2	2
4	4
9	7
13	11
17	15
1	1
4	4
8	9
11	10
16	11
1	1
2	2
10	9
17	17
18	16
3	3
6	5
9	8
13	12
14	9
2	2
8	6
11	11
15	12
21	20
3	3
6	6
9	10
7	6
15	14
4	4
4	4
10	10
15	14
23	12
2	2
2	2
11	9
13	11
16	14
4	3
6	6
9	8
11	10
23	14
1	1
4	4
11	11
17	13
10	8
2	2
1	1
10	8
16	13
16	12
4	3
5	5
12	8
17	14
14	11
1	1
7	6
6	6
22	15
16	17
3	3
3	3
8	8
15	14
21	19
3	3
6	6
8	7
16	14
19	15
1	1
1	1
10	9
17	14
22	16
3	3
5	5
11	10
17	16
21	20
2	1
8	8
7	7
17	16
15	13
2	2
3	3
7	5
16	12
16	16
4	4
9	7
10	10
14	14
18	13
2	2
3	3
8	8
14	13
11	10
2	2
7	6
7	6
18	14
24	13
