0 0.0281999592289746 92
0 0.0285170672042402 94
0 0.0276336949874289 94
0 0.0281320075199891 94
0 0.0283811637862692 94
0 0.0278602006840472 94
0 0.0280640558110036 92
0 0.0277695984053999 94
0 0.0277242972660762 94
0 0.0279961041020182 92
0 0.0279961041020182 94
0 0.0276789961267526 94
0 0.0276789961267526 92
0 0.0282905615076219 94
0 0.027497791569458 92
0 0.0276789961267526 94
0 0.0281093569503273 94
0 0.0279961041020182 94
0 0.0280867063806655 94
0 0.027497791569458 92
0 0.028154658089651 94
0 0.0278375501143854 94
0 0.0282679109379601 94
0 0.0277242972660762 94
0 0.0279961041020182 94
0 0.027882851253709 94
0 0.0274751409997961 94
0 0.0279734535323563 94
0 0.0281093569503273 94
0 0.0279055018233709 94
0 0.0279281523930327 94
0 0.0279734535323563 94
0 0.0276336949874289 94
0 0.0275204421391198 94
0 0.0275883938481053 94
0 0.0281999592289746 94
0 0.0279508029626945 94
0 0.0274524904301343 94
0 0.028154658089651 94
0 0.0278148995447236 94
0 0.0279281523930327 94
0 0.0273392375818252 92
0 0.0278375501143854 94
0 0.0280414052413418 94
0 0.0280640558110036 94
0 0.0281320075199891 94
0 0.0276563455570908 94
0 0.0280414052413418 94
0 0.0275204421391198 94
0 0.0281773086593128 94
0 0.0282905615076219 92
0 0.0284264649255929 94
0 0.0277695984053999 94
0 0.0275657432784435 92
0 0.0280640558110036 94
0 0.0277695984053999 94
0 0.0276336949874289 94
0 0.0277242972660762 94
0 0.0279961041020182 92
0 0.0281320075199891 92
0 0.027497791569458 92
0 0.0277922489750617 92
0 0.0278602006840472 94
0 0.0273845387211488 94
0 0.027882851253709 92
0 0.0281093569503273 94
0 0.0282905615076219 94
0 0.0276110444177671 94
0 0.0277695984053999 94
0 0.0281773086593128 92
0 0.0278375501143854 90
0 0.0276110444177671 94
0 0.0281093569503273 94
0 0.0278148995447236 94
0 0.0278602006840472 94
0 0.0279961041020182 94
0 0.0278602006840472 94
0 0.0275430927087816 94
0 0.0278602006840472 94
0 0.0276563455570908 92
0 0.0281320075199891 94
0 0.0283585132166074 94
0 0.0280867063806655 94
0 0.0275657432784435 94
0 0.0281773086593128 94
0 0.0275204421391198 94
0 0.0272939364425015 94
0 0.027882851253709 94
0 0.0279055018233709 90
0 0.0277922489750617 94
0 0.0283811637862692 94
0 0.0277695984053999 94
0 0.0279281523930327 94
0 0.0284717660649165 94
0 0.0277469478357381 94
0 0.027882851253709 94
0 0.0286076694828875 94
0 0.0279734535323563 94
0 0.0282226097986364 94
0 0.0276336949874289 94
0 0.0273392375818252 94
0 0.0280867063806655 94
0 0.027497791569458 92
0 0.0283585132166074 94
0 0.0281999592289746 94
0 0.0279055018233709 92
0 0.0281773086593128 92
0 0.0279961041020182 90
0 0.0274751409997961 90
0 0.0281999592289746 94
0 0.0275657432784435 92
0 0.0275883938481053 94
0 0.0275430927087816 92
0 0.0277242972660762 94
0 0.027882851253709 92
0 0.0282679109379601 94
0 0.0279508029626945 94
0 0.0278375501143854 94
0 0.0279961041020182 92
0 0.0280414052413418 94
0 0.0271580330245306 94
0 0.0279734535323563 92
0 0.0278148995447236 94
0 0.027497791569458 94
0 0.0278375501143854 94
0 0.0279961041020182 94
0 0.0279734535323563 94
0 0.0277016466964144 94
0 0.0277469478357381 94
0 0.0276336949874289 94
0 0.0279961041020182 94
0 0.0279281523930327 94
0 0.0277242972660762 94
0 0.0279734535323563 92
0 0.0279961041020182 94
0 0.0280640558110036 94
0 0.0274071892908107 92
0 0.0281999592289746 92
0 0.0279055018233709 94
0 0.02801875467168 94
0 0.0281093569503273 94
0 0.0277242972660762 94
0 0.0277242972660762 90
0 0.0279281523930327 94
0 0.0271353824548687 94
0 0.0282905615076219 94
0 0.0277469478357381 94
0 0.028539717773902 94
0 0.0281999592289746 94
0 0.0288115246098439 94
0 0.0271806835941924 94
0 0.0279734535323563 94
0 0.0278602006840472 94
0 0.02801875467168 94
0 0.0278148995447236 94
0 0.0281999592289746 90
0 0.0279961041020182 92
0 0.0277016466964144 90
0 0.0277016466964144 94
0 0.0275883938481053 94
0 0.0281773086593128 94
0 0.0280640558110036 94
0 0.0278375501143854 92
0 0.0289927291671386 94
0 0.0282226097986364 94
0 0.0278602006840472 92
0 0.0279055018233709 92
0 0.0282679109379601 94
0 0.0280640558110036 94
0 0.0279508029626945 92
0 0.0279281523930327 94
0 0.0279281523930327 94
0 0.0277469478357381 92
0 0.0283811637862692 94
0 0.027882851253709 94
0 0.0279055018233709 94
0 0.0279055018233709 94
0 0.0284264649255929 92
0 0.0278602006840472 94
0 0.0275883938481053 94
0 0.0276110444177671 94
0 0.0278602006840472 94
0 0.0275430927087816 94
0 0.0279281523930327 94
0 0.027882851253709 94
0 0.0276789961267526 94
0 0.0281320075199891 92
0 0.0276110444177671 94
0 0.0282452603682983 92
0 0.0277469478357381 92
0 0.0280414052413418 94
0 0.0274071892908107 94
0 0.0273392375818252 94
0 0.0279508029626945 92
0 0.0281320075199891 94
0 0.0279508029626945 94
0 0.0280414052413418 92
0 0.0280867063806655 92
0 0.0278148995447236 94
0 0.0275883938481053 94
0 0.0277922489750617 94
0 0.0282679109379601 94
0 0.0273165870121634 94
0 0.027497791569458 94
0 0.02801875467168 94
0 0.0275883938481053 94
0 0.0278148995447236 90
0 0.0279734535323563 94
0 0.0277242972660762 90
0 0.0279734535323563 94
0 0.0278148995447236 94
0 0.0272939364425015 92
0 0.0279508029626945 94
0 0.0279961041020182 94
0 0.0278375501143854 94
0 0.0281093569503273 94
0 0.0280867063806655 94
0 0.0284038143559311 94
0 0.0279055018233709 94
0 0.0282679109379601 94
0 0.0273845387211488 94
0 0.0281320075199891 94
0 0.0282679109379601 94
0 0.0279508029626945 92
0 0.0276789961267526 92
0 0.0282679109379601 92
0 0.0279734535323563 94
0 0.0273845387211488 94
0 0.0277695984053999 94
0 0.0281773086593128 94
0 0.0277695984053999 94
0 0.0282226097986364 94
0 0.0283358626469456 94
0 0.0280414052413418 94
0 0.0281320075199891 94
0 0.02801875467168 92
0 0.0276110444177671 94
0 0.0277469478357381 94
0 0.0279961041020182 94
0 0.0279734535323563 94
0 0.0279508029626945 94
0 0.027882851253709 94
10 0.212507644567261 68
10 0.15112460078371 84
10 0.13612992366758 86
10 0.0839883123060545 90
10 0.252780357425989 66
10 0.109855262859861 88
10 0.158055675100229 80
10 0.149788217173662 82
10 0.122131871616571 88
10 0.245328320007248 72
10 0.170422886135586 80
10 0.190989603388525 72
10 0.15422772882738 86
10 0.166866746698679 84
10 0.166594939862738 76
10 0.147070148814243 84
10 0.147206052232214 82
10 0.16996987474235 74
10 0.195247910484949 76
10 0.173729869306213 74
10 0.165235905683028 78
10 0.146594486851344 82
10 0.125529457065845 86
10 0.228544247887834 76
10 0.135518358286711 86
10 0.132800289927292 80
10 0.207932229495572 68
10 0.132098122267775 80
10 0.113909714829328 88
10 0.184217083059639 78
10 0.141973770640332 84
10 0.11914199642121 82
10 0.149810867743324 82
10 0.127681261183719 82
10 0.180072028811525 78
10 0.138055222088836 82
10 0.137579560125937 80
10 0.127069695802849 82
10 0.138281727785454 80
10 0.187206958255 82
10 0.135541008856373 82
10 0.22811388706426 74
10 0.198804049921856 76
10 0.129901017010578 84
10 0.254411198441641 66
10 0.189585268069492 82
10 0.279032367664047 68
10 0.0938639606786111 90
10 0.101769009490589 90
10 0.202314888219439 74
10 0.112618632358604 88
10 0.103105393100636 86
10 0.164261931187569 84
10 0.218351491540012 78
10 0.0894924007338785 88
10 0.194115382001857 78
10 0.136039321388933 86
10 0.142087023488641 86
10 0.132415230243041 84
10 0.226483046048608 76
10 0.201884527395864 78
10 0.23022039004281 66
10 0.112777186346237 84
10 0.141996421209993 86
10 0.211714874629097 78
10 0.181566966409205 86
10 0.167523613218872 84
10 0.110240322544112 82
10 0.192280685859249 78
10 0.219484020023104 72
10 0.196357788398378 74
10 0.20034428865886 80
10 0.167161204104283 78
10 0.135835466261976 88
10 0.201159709166686 74
10 0.120433078891934 88
10 0.23543002106503 76
10 0.071485197852726 92
10 0.131554508595891 86
10 0.19402477972321 80
10 0.106752134816191 82
10 0.20134091372398 78
10 0.161475911119165 80
10 0.122131871616571 82
10 0.106955989943147 82
10 0.146820992547963 84
10 0.103988765317448 88
10 0.1956329701692 88
10 0.115268749009038 90
10 0.156107726109312 78
10 0.177965525832975 80
10 0.0992094951188022 88
10 0.143400756529027 78
10 0.121610908514349 88
10 0.20915536025731 76
10 0.185055154137127 80
10 0.1485197852726 82
10 0.189290810663888 76
10 0.135518358286711 84
10 0.152325080975787 84
10 0.157715916555301 78
10 0.122584883009808 86
10 0.163808919794333 80
10 0.111214297039571 84
10 0.179936125393554 82
10 0.174998301207275 78
10 0.265509977575936 64
10 0.109628757163243 82
10 0.158350132505833 80
10 0.128179573716279 80
10 0.174703843801672 78
10 0.20505560714852 80
10 0.176515889374618 82
10 0.112913089764208 90
10 0.123400303517633 72
10 0.180479739065437 76
10 0.139210401141589 84
10 0.0932070941584181 88
10 0.162223379918005 84
10 0.167410360370563 82
10 0.171646016897325 80
10 0.221567872431992 74
10 0.143219551971732 90
10 0.114475979070874 86
10 0.181634918118191 86
10 0.180932750458674 84
10 0.175881673424087 80
10 0.137421006138304 80
10 0.143921719631249 78
10 0.0910326394708827 86
10 0.100681782146821 88
10 0.20630138847992 78
10 0.192507191555868 84
10 0.144646537860427 84
10 0.151509660467961 84
10 0.132800289927292 86
10 0.116152121225849 84
10 0.165847471063897 78
10 0.246574101338649 76
10 0.158327481936171 84
10 0.134929443475503 80
10 0.182971301728238 86
10 0.160683141181001 82
10 0.201454166572289 82
10 0.110489478810392 86
10 0.120523681170581 82
10 0.185983827493261 78
10 0.227796779088994 74
10 0.153208453192598 80
10 0.146843643117624 86
10 0.115291399578699 84
10 0.163559763528053 84
10 0.181929375523794 74
10 0.14605087317946 86
10 0.15026387913656 86
10 0.211782826338082 78
10 0.163355908401096 84
10 0.231624725361843 84
10 0.198577544225237 84
10 0.151056649074724 86
10 0.128156923146617 78
10 0.137511608416952 88
10 0.186867199710073 78
10 0.152664839520714 86
10 0.152438333824096 82
10 0.182767446601282 80
10 0.12435162744343 90
10 0.211058008108904 78
10 0.165711567645926 78
10 0.175111554055585 76
10 0.154046524270085 74
10 0.13438582980362 84
10 0.235475322204353 74
10 0.116220072934834 90
10 0.121339101678407 90
10 0.257333121928016 74
10 0.127726562323042 86
10 0.159414709279938 78
10 0.139550159686516 92
10 0.197082606627557 78
10 0.133593059865456 80
10 0.146005572040137 70
10 0.222564497497112 84
10 0.197807424856735 78
10 0.149742916034338 82
10 0.159074950735011 80
10 0.179188656594713 80
10 0.185326960973068 78
10 0.184330335907948 84
10 0.233640626061745 72
10 0.157398808580036 84
10 0.180457088495776 74
10 0.176810346780222 76
10 0.217513420462525 74
10 0.166776144420032 78
10 0.220390042809577 76
10 0.166187229608825 84
10 0.217196312487259 78
10 0.148361231284967 84
10 0.284423203243562 74
10 0.159097601304673 86
10 0.164986749416748 86
10 0.262565403519899 76
10 0.133434505877823 82
10 0.103513103354549 90
10 0.12831547713425 88
10 0.152279779836463 82
10 0.229382318965322 74
10 0.156538086932886 78
10 0.210582346146006 72
10 0.164307232326893 80
10 0.19737706403316 82
10 0.135269202020431 84
10 0.109764660581214 90
10 0.163265306122449 82
10 0.067430745883259 88
10 0.153004598065641 86
10 0.146481234003035 84
10 0.246800607035267 80
10 0.135223900881107 88
10 0.14109039842352 82
10 0.210310539310064 68
10 0.196833450361277 84
10 0.184692745022537 76
10 0.0957213073908809 84
10 0.303313778341525 62
10 0.178259983238578 84
10 0.156606038641872 80
10 0.149448458628735 84
10 0.126367528143333 82
10 0.107318399057736 84
10 0.0929352873224762 86
10 0.183650818818093 82
10 0.153321706040907 76
10 0.15633423180593 80
10 0.112188271535029 88
10 0.18559876780901 84
10 0.173933724433169 86
10 0.0882692699721398 80
10 0.167591564927858 72
100 0.697478991596639 38
100 0.641101723708351 36
100 0.585086864934653 28
100 0.712632222700401 94
100 0.618858864300437 38
100 0.682982627013069 28
100 0.670230356293461 32
100 0.661079526150083 36
100 0.721737751704455 22
100 0.651928696006705 34
100 0.599787084645179 40
100 0.729280391401844 24
100 0.587193367913203 44
100 0.713719450044169 26
100 0.648780266823711 34
100 0.637251126865841 38
100 0.58578903259417 42
100 0.479693764298172 46
100 0.673401436046117 26
100 0.736619175972276 16
100 0.65149833518313 32
100 0.772769485152552 26
100 0.700853926476251 26
100 0.697025980203402 94
100 0.710321864594895 20
100 0.678339260232395 34
100 0.659131577159166 36
100 0.583637228476296 32
100 0.784094769983465 16
100 0.560510996851571 40
100 0.663616389952207 24
100 0.678112754535777 40
100 0.692790323676641 28
100 0.544202586695055 36
100 0.71720763777209 26
100 0.690344062153163 30
100 0.704568619900791 28
100 0.723640399556049 24
100 0.701737298693062 24
100 0.566717252938911 36
100 0.640648712315115 36
100 0.678814922195293 16
100 0.637047271738884 28
100 0.642347505039752 38
100 0.751432648531111 24
100 0.749801807515459 16
100 0.630252100840336 32
100 0.679381186436839 34
100 0.590364447665859 32
100 0.661532537543319 36
100 0.830777594056491 16
100 0.622845364560919 30
100 0.579129765113593 42
100 0.690276110444178 26
100 0.668531563568824 30
100 0.701737298693062 28
100 0.698634170649392 40
100 0.638995220729801 36
100 0.632177399261591 34
100 0.720741126639335 24
100 0.674239507123604 32
100 0.769394550272939 18
100 0.706924279145621 28
100 0.717547396317017 28
1000 0.934579819951933 4
1000 0.923866552609068 2
1000 0.876003095849118 4
1000 0.942482382174427 4
1000 0.94863334555379 4
1000 0.887531060328323 6
1000 0.851765856043016 14
1000 0.909690822436759 6
1000 0.935801865656442 2
1000 0.923744348038617 6
1000 0.908835390443603 4
1000 0.937838608497291 4
1000 0.907083791600472 4
1000 0.908183632734531 6
1000 0.928265917145301 2
1000 0.922848181188643 6
1000 0.91763411951607 0
1000 0.929487962849811 6
1000 0.91022037557538 2
1000 0.924681249745407 4
1000 0.956128559208114 2
1000 0.905454397327793 8
1000 0.923825817752251 2
1000 0.927777098863497 6
1000 0.890545439732779 6
1000 0.856979917715589 14
1000 0.891156462585034 6
1000 0.890830583730498 8
1000 0.856450364576969 10
1000 0.919222778931932 2
1000 0.915515906961587 2
1000 0.886920037476068 2
1000 0.927084606297609 6
1000 0.902969571061958 6
1000 0.917511914945619 10
1000 0.875188398712779 12
1000 0.902765896777873 4
1000 0.9455374964357 6
1000 0.90981302700721 2
1000 0.921422461200049 8
1000 0.93111735712249 4
1000 0.909894496720844 4
1000 0.91331622469347 8
1000 0.940486374190395 4
1000 0.907368935598191 6
1000 0.933031895392888 2
1000 0.935150107947371 4
1000 0.933520713674691 4
1000 0.919915271497821 2
1000 0.94162695018127 2
1000 0.887286651187421 8
1000 0.902969571061958 8
1000 0.900321805368854 4
1000 0.926880932013524 0
1000 0.953602998085462 2
1000 0.928999144568007 2
1000 0.871766670740152 6
1000 0.922685241761375 2
1000 0.893437614566785 4
1000 0.858731516558719 10
20 0.234095136181814 78
20 0.324313995261026 72
20 0.287344900507019 76
20 0.359372213304798 54
20 0.294453361869092 60
20 0.348110779892481 66
20 0.298045810084333 68
20 0.273535631481057 72
20 0.210374786618767 78
20 0.311116206782338 70
20 0.326021045122169 56
20 0.334021248949018 56
20 0.280261917501083 64
20 0.21791638003516 76
20 0.302988611174807 70
20 0.332365155800148 74
20 0.303880353639583 72
20 0.253152946571887 66
20 0.20127901347805 78
20 0.302428087339805 62
20 0.28813472954725 70
20 0.292007439679992 72
20 0.272108843537415 68
20 0.303065046243216 78
20 0.308976024866876 74
20 0.274121633672195 68
20 0.249993630410966 76
20 0.257356875334403 80
20 0.360009172208209 64
20 0.266707432036485 76
20 0.309562027058014 64
20 0.314937960202808 64
20 0.245611353155494 76
20 0.205177201966929 70
20 0.25694922163622 70
20 0.310071594180743 70
20 0.214960890723331 76
20 0.331320543198553 56
20 0.332186807307193 58
20 0.326683482381717 66
20 0.232439043032944 68
20 0.244847002471401 66
20 0.273535631481057 70
20 0.304797574460496 70
20 0.303752961858901 72
20 0.197941348824174 76
20 0.250987286300288 78
20 0.28352314708655 74
20 0.28222375092359 70
20 0.219801778389258 72
20 0.204336416214426 78
20 0.394303039567887 56
20 0.293383270911361 74
20 0.196412647455986 74
20 0.213916278121736 70
20 0.285102805167011 70
20 0.185686259522536 82
20 0.276389207368341 76
20 0.264210553135112 70
20 0.234630181660679 66
20 0.302479044052078 74
20 0.315651354174629 52
20 0.276694947641978 78
20 0.29137048077658 66
20 0.276083467094703 74
20 0.273051542714464 68
20 0.359677953578435 68
20 0.229738337282479 76
20 0.220718999210171 74
20 0.169099849677699 84
20 0.303116002955489 78
20 0.239572982751153 74
20 0.287523248999975 68
20 0.232388086320671 80
20 0.32342225279625 62
20 0.286249331193151 72
20 0.372289739865984 58
20 0.262019414507376 68
20 0.268745700527402 78
20 0.232974088511809 70
20 0.275981553670157 74
20 0.297892939947515 68
20 0.299472598027975 68
20 0.213712451272644 80
20 0.275497464903564 70
20 0.296262325154781 70
20 0.228387984407246 78
20 0.296797370633647 66
20 0.323931819918979 70
20 0.155723712706056 82
20 0.207623124156029 78
20 0.23908889398456 72
20 0.267242477515351 70
20 0.277000687915616 68
20 0.251828072052791 70
20 0.311804122398023 66
20 0.289739865983847 64
20 0.200285357588728 88
20 0.428928125557339 52
20 0.36734693877551 60
20 0.229330683584295 80
20 0.371143213839843 64
20 0.380213508624424 50
20 0.270936839155138 72
20 0.255038344925985 70
20 0.204565721419654 84
20 0.351907054956814 66
20 0.221712655099493 76
20 0.181940941170476 78
20 0.448495503070142 52
20 0.236923233712961 66
20 0.243114474254121 76
20 0.336849346480165 66
20 0.251012764656424 68
20 0.369028510280517 58
20 0.160258860098346 84
20 0.239190807409106 70
20 0.266580040255803 76
20 0.230884863308619 78
20 0.237178017274325 78
20 0.259853754235777 60
20 0.300236948712069 66
20 0.309485591989605 66
20 0.24196794822798 76
20 0.22087186934699 72
20 0.317842492802364 58
20 0.282504012841092 72
20 0.262223241356468 68
20 0.205788682514204 78
20 0.283395755305868 70
20 0.184641646920941 82
20 0.233789395908176 68
20 0.349970699890443 66
20 0.278886086269714 60
20 0.327473311421947 70
20 0.28309001503223 72
20 0.235267140564091 74
20 0.218553338938572 70
20 0.334709164564702 72
20 0.172641341180667 72
20 0.313358302122347 70
20 0.269943183265816 66
20 0.282402099416546 74
20 0.27358658819333 72
20 0.248159188769141 72
20 0.426635073505057 50
20 0.314963438558944 66
20 0.285867155851105 68
20 0.219011949349028 82
20 0.303166959667762 70
20 0.277280949833117 68
20 0.331575326759917 72
20 0.330326887309231 74
20 0.331498891691508 62
20 0.257458788758949 72
20 0.194985859512344 74
20 0.305842187062091 68
20 0.288364034752478 64
20 0.303574613365946 60
20 0.298020331728197 52
20 0.237687584397055 76
20 0.316797880200769 62
20 0.380952380952381 56
20 0.249433106575964 72
20 0.228056765777472 84
20 0.24196794822798 78
20 0.239114372340697 76
20 0.240515681928202 76
20 0.321791638003516 62
20 0.211495834288772 74
20 0.236439144946368 70
20 0.283981757497006 68
20 0.274147112028332 66
20 0.362251267548218 60
20 0.304237050625494 64
20 0.213865321409463 74
20 0.238961502203878 76
20 0.256210349308263 74
20 0.247343881372774 70
20 0.331473413335372 64
20 0.300644602410252 70
20 0.236617493439323 72
20 0.327702616627175 68
20 0.421208183647991 46
20 0.337843002369487 68
20 0.294122143239318 64
20 0.142474967515096 82
20 0.243955260006624 76
20 0.328186705393768 68
20 0.491553924940763 44
20 0.340823970037453 56
20 0.241356467680705 76
20 0.304593747611404 62
20 0.18716400417845 74
20 0.28561237228974 66
20 0.24074498713343 68
20 0.225636321944508 82
20 0.194170552115977 76
20 0.292542485158858 68
20 0.235878621111366 80
20 0.357206553033198 68
20 0.218043771815842 76
20 0.330683584295141 62
20 0.206247292924661 76
20 0.23952202603888 70
20 0.180667023363653 80
20 0.254910953145303 78
20 0.285688807358149 66
20 0.355856200157966 60
20 0.187367831027542 74
20 0.21381436469719 78
20 0.276134423806976 66
20 0.159214247496752 76
20 0.279854263802899 70
20 0.334046727305154 70
20 0.172921603098168 84
20 0.301536344875029 72
20 0.360697087823894 66
20 0.31636474814645 72
20 0.306581059390048 64
20 0.213788886341053 78
20 0.29677189227751 64
20 0.317587709241 70
20 0.309791332263242 68
20 0.237330887411144 76
20 0.201661188820097 72
20 0.329154882926954 60
20 0.21957247318403 78
20 0.370022166169839 70
20 0.288720731738388 62
20 0.317383882391908 74
20 0.306046013911182 70
20 0.340059619353359 60
20 0.317689622665546 74
20 0.261433412316237 72
20 0.259267752044638 70
20 0.327626181558766 70
20 0.225967540574282 70
20 0.204030675940788 74
20 0.269331702718541 78
200 0.780606582255544 18
200 0.842986251104215 14
200 0.836372284762962 18
200 0.825092301071372 18
200 0.813857618519106 8
200 0.812747740605676 24
200 0.81886339441437 10
200 0.863530317787492 16
200 0.782803687512741 12
200 0.826202178984801 10
200 0.784479829667716 22
200 0.712269813585812 22
200 0.712926680106005 22
200 0.804027271285873 12
200 0.815986772067318 18
200 0.850755396498222 18
200 0.77349430338173 24
200 0.791071145439308 20
200 0.832272531654171 14
200 0.804208475843167 12
200 0.86325851095155 12
200 0.900224240639652 2
200 0.830754943486829 22
200 0.728895331717593 24
200 0.800221975582686 14
200 0.734852431538653 30
200 0.889872930304197 10
200 0.841491313506535 14
200 0.774400326168203 20
200 0.820041224036784 16
200 0.801535708623072 10
200 0.816439783460554 8
200 0.80993906996761 12
200 0.760062515572267 18
200 0.869351514190582 12
200 0.788285125370903 16
200 0.806269677682394 12
200 0.796620535006455 18
200 0.854017078529525 10
200 0.853405513148656 12
200 0.802464381979207 14
200 0.873066207615122 16
200 0.808512084078915 20
200 0.836123128496682 18
200 0.825635914743256 8
200 0.825975673288183 10
200 0.789780062968584 18
200 0.824911096514077 22
200 0.887494620489705 10
200 0.789349702145009 24
200 0.867109107794061 10
200 0.79134295227525 12
200 0.850189132256676 16
200 0.812226777503454 12
200 0.707988855919726 34
200 0.835058551722576 14
200 0.780470678837573 14
200 0.734218215588122 26
200 0.729416294819815 20
200 0.851661419284695 14
2000 0.973951844888899 0
2000 0.947631882941856 2
2000 0.940564905207366 2
2000 0.922149992072301 4
2000 0.967700287662235 0
2000 0.929964438605631 4
2000 0.950644408706879 4
2000 0.90837844571791 4
2000 0.915603977440033 4
2000 0.915717230288342 6
2000 0.937348524315387 2
2000 0.92486806043172 6
2000 0.971392330517112 2
2000 0.966250651203878 2
2000 0.915150966046796 6
2000 0.95078031212485 4
2000 0.944392851480215 4
2000 0.951618383202337 0
2000 0.955718136311128 2
2000 0.971188475390156 2
50 0.45443806265021 46
50 0.606867896859343 34
50 0.505438103385067 34
50 0.497291132021671 44
50 0.597458144934621 44
50 0.534848670006925 44
50 0.556560348690374 30
50 0.393702391136095 64
50 0.566825532608253 48
50 0.498839056580716 54
50 0.430608171412277 52
50 0.454601002077478 46
50 0.445598598720925 58
50 0.499001996007984 42
50 0.406615340747077 60
50 0.519695303271009 44
50 0.482382174426657 52
50 0.623813597295205 34
50 0.549024400179233 46
50 0.607275245427512 38
50 0.440832620473339 54
50 0.462585034013605 44
50 0.575583526823903 38
50 0.570736078862683 38
50 0.444661697014135 50
50 0.422664874332967 58
50 0.523483644954988 46
50 0.50283107254878 52
50 0.428489958857795 58
50 0.460018738034136 52
50 0.490081062365066 42
50 0.596195364373294 36
50 0.383029858650047 58
50 0.479408529879017 50
50 0.465314269420343 48
50 0.458837427186443 56
50 0.540225671106766 42
50 0.462055480874985 56
50 0.523972463236792 46
50 0.666829606093935 32
50 0.558882235528942 40
50 0.52413540266406 38
50 0.483156136706179 46
50 0.467717625972545 46
50 0.473501975640556 42
50 0.377856531834291 56
50 0.539329504256792 44
50 0.486496394965172 50
50 0.521854250682309 42
50 0.494806305755835 46
50 0.459978003177319 50
50 0.404008309910791 66
50 0.487025948103792 48
50 0.426982769155566 54
50 0.585034013605442 38
50 0.482789522994827 54
50 0.548576316754247 36
50 0.518758401564218 46
50 0.504623406248727 40
50 0.553953317854088 32
50 0.564177766915149 40
50 0.503482830257852 38
50 0.557456515540348 52
50 0.476190476190476 48
50 0.551305552160984 44
50 0.587926188439448 34
50 0.484255977840238 48
50 0.416636115524054 58
50 0.488818281803739 42
50 0.350197564055562 62
50 0.513829483889364 44
50 0.546621043627032 48
50 0.383477942075034 60
50 0.585359892459978 26
50 0.521487636970956 44
50 0.427145708582834 52
50 0.459733594036417 54
50 0.448083424986761 56
50 0.452767933520714 56
50 0.548291172756528 44
50 0.429671269705487 62
50 0.602224123182207 42
50 0.598517251211862 38
50 0.542140209377164 44
50 0.418102570369465 52
50 0.600187380341358 42
50 0.403763900769889 56
50 0.375330970711638 62
50 0.539696117968145 48
50 0.45887816204326 46
50 0.594036416961994 38
50 0.520917348975518 44
50 0.456841419202412 48
50 0.490325471505968 44
50 0.56955476801499 40
50 0.693103588740886 28
50 0.556519613833557 44
50 0.583526823903214 44
50 0.538677746547721 50
50 0.534726465436474 52
50 0.532119434600187 50
50 0.518391787852866 48
50 0.560063546376634 38
50 0.595747280948307 32
50 0.617866308199927 34
50 0.436759134791641 58
50 0.42396838975111 48
50 0.429712004562304 52
50 0.56254837264247 40
50 0.499164935435252 44
50 0.455293494643366 48
50 0.508656157073608 46
50 0.376267872418428 62
50 0.564503645769685 32
50 0.431830217116787 50
50 0.527353456352601 40
50 0.673102774043749 30
50 0.571102692574036 28
50 0.52413540266406 44
50 0.5642999714856 38
50 0.47802354474724 54
50 0.38730701861583 52
50 0.352804594891849 62
50 0.549798362458756 46
50 0.56120412236751 44
50 0.560022811519817 48
50 0.37341643244124 58
50 0.559289584097112 42
50 0.508208073648621 48
50 0.553220090431382 46
50 0.657664263310115 26
50 0.450201637541244 60
50 0.601572365473135 34
50 0.559737667522099 44
50 0.559248849240295 48
50 0.509104240498595 50
50 0.481730416717585 40
50 0.531386207177482 38
50 0.407430037883417 52
50 0.604790419161677 32
50 0.538922155688623 48
50 0.545276793352071 38
50 0.435577823943949 58
50 0.528168153488941 40
50 0.601409426045867 32
50 0.403152877917634 56
50 0.452645728950263 56
50 0.45834860890464 54
50 0.483115401849362 42
50 0.362173611959754 64
50 0.513462870178011 52
50 0.468532323108884 44
50 0.509959672491751 48
50 0.418958002362622 54
50 0.496069086317162 54
50 0.579901421646503 34
50 0.3289339687971 64
50 0.501242413132918 50
50 0.574198541692126 36
50 0.403152877917634 50
50 0.566295979469632 42
50 0.456393335777425 54
50 0.549635423031488 48
50 0.528208888345757 44
50 0.56943256344454 44
50 0.524909364943582 48
50 0.502668133121512 48
50 0.434926066234877 60
50 0.479327060165384 44
50 0.515051529593873 40
50 0.595910220375575 38
50 0.402093771640393 62
50 0.52156910668459 42
50 0.494358222330849 42
50 0.603975722025337 32
50 0.490895759501405 52
50 0.391136095156626 58
50 0.516395779868834 50
50 0.400138498513178 56
50 0.473501975640556 46
50 0.55297568129048 50
50 0.377978736404742 52
50 0.606908631716159 38
50 0.573343109698969 36
50 0.422909283473869 52
50 0.542914171656687 38
50 0.496843048596684 50
50 0.47924559045175 46
50 0.536722473420506 38
50 0.372968349016253 60
50 0.51509226445069 44
50 0.534074707727402 42
50 0.388406859749888 64
50 0.394191209417899 58
50 0.532323108884272 36
50 0.509959672491751 50
50 0.594240091246079 40
50 0.460751965456841 52
50 0.56389262291743 46
50 0.492810297771803 54
50 0.424946026314718 58
50 0.525438918082203 40
50 0.574117071978492 38
50 0.450568251252597 56
50 0.441199234184692 52
50 0.433989164528087 56
50 0.398427634526865 50
50 0.60609393457982 32
50 0.404008309910791 58
50 0.505234429100982 48
50 0.514847855309789 44
50 0.557212106399446 46
50 0.586581938164487 38
50 0.394435618558801 64
50 0.473746384781457 48
50 0.522954091816367 40
50 0.502464458837427 36
50 0.620269664752128 48
50 0.357041020000815 66
50 0.526986842641248 46
50 0.522139394680028 44
50 0.46669925455212 50
50 0.396920444824636 60
50 0.432319035398591 56
50 0.501201678276101 50
50 0.401686423072223 62
50 0.44136217361196 54
50 0.548372642470162 46
50 0.506456474805491 44
50 0.47627194590411 54
50 0.522668947818648 46
50 0.562792781783372 40
50 0.46792130025663 60
50 0.610289624831969 32
50 0.450975599820767 38
50 0.571387836571754 34
50 0.528860646054829 46
50 0.586663407878121 40
50 0.450364576968512 50
50 0.545602672206607 36
500 0.950802962694512 2
500 0.933248771206596 4
500 0.884029083331446 6
500 0.914312894969308 6
500 0.920926861310562 8
500 0.924777458153073 10
500 0.902126888491246 10
500 0.844707694398514 12
500 0.834696142607987 16
500 0.907223266665157 8
500 0.903757729506897 8
500 0.916645903644477 8
500 0.877958730662076 10
500 0.83560216539446 22
500 0.923712881378967 4
500 0.820222428594079 14
500 0.863303812090874 6
500 0.928492151577612 10
500 0.91929602029491 6
500 0.890212688849125 8
500 0.92201408865433 6
500 0.890325941697434 10
500 0.87689415388797 10
500 0.938345149380507 4
500 0.926453600308048 6
500 0.89598858411289 6
500 0.926408299168724 2
500 0.864345738295318 4
500 0.858524541892229 12
500 0.820516885999683 10
500 0.900110987791343 6
500 0.942875263312872 2
500 0.895127862465741 8
500 0.888468594985164 8
500 0.820267729733403 18
500 0.894924007338785 8
500 0.869532718747877 12
500 0.950893564973159 4
500 0.820335681442388 16
500 0.88296450655734 8
500 0.846836847946726 16
500 0.877211261863236 8
500 0.955921991438085 2
500 0.919318670864572 6
500 0.88556932206845 12
500 0.958821264354799 6
500 0.921379872703799 10
500 0.931708532469592 4
500 0.880404992185553 8
500 0.842080228317742 10
500 0.954540306688713 2
500 0.922149992072301 4
500 0.889125461505357 8
500 0.918639153774717 6
500 0.880427642755215 8
500 0.823234954359102 12
500 0.866701397540148 6
500 0.903961584633854 6
500 0.870665247230968 12
500 0.888083535300913 2
